7.914436231718792669e+01
7.917233682475323064e+01
7.922319973866052578e+01
7.931221086199533943e+01
7.942665501156061225e+01
7.958560938927539041e+01
7.976999993881318574e+01
7.996710913959940115e+01
8.018965690666476576e+01
8.041856459800303014e+01
8.066019250043284217e+01
8.090182040286265419e+01
8.114344830529248043e+01
8.138507620772229245e+01
8.162034394307232787e+01
8.186197184550215411e+01
8.209723958085218953e+01
8.233250731620223917e+01
8.257413521863203698e+01
8.280940295398208661e+01
8.303831064532036521e+01
8.326721833665862960e+01
8.348340629586093087e+01
8.369323456028128305e+01
8.389034376106749846e+01
8.407473431060529379e+01
8.425276568084417761e+01
8.441807896849860526e+01
8.458339225615303292e+01
8.474870554380744636e+01
8.492037782786094624e+01
8.511112765313869488e+01
8.531459633252974584e+01
8.552442459695009802e+01
8.574697236401543421e+01
8.596952013108077040e+01
8.619206789814613501e+01
8.641461566521147120e+01
8.663080362441378668e+01
8.684063188883412465e+01
8.704410056822517561e+01
8.722849111776297093e+01
8.741288166730076625e+01
8.758455395135426613e+01
8.774986723900869379e+01
8.790246278991627094e+01
8.805505834082383387e+01
8.822037162847827574e+01
8.840476217801607106e+01
8.862730994508140725e+01
8.890074064547124522e+01
8.921233946069412468e+01
8.954938690219447039e+01
8.992461264107832619e+01
9.031256601461134892e+01
9.070688350839390068e+01
9.112029461467899694e+01
9.152097643511119429e+01
9.192802279193132620e+01
9.231597616546436313e+01
9.269120190434821893e+01
9.306006412215828050e+01
9.341619987363964128e+01
9.376597267319436924e+01
9.413483489100443080e+01
9.452278826453746774e+01
9.494892952233993810e+01
9.538780182404219943e+01
9.583940608875224143e+01
9.629737668798547645e+01
9.676808067901548327e+01
9.723241785257440029e+01
9.768402211728444229e+01
9.812926028393147249e+01
9.855540154173392864e+01
9.896881264801903910e+01
9.935676602155207604e+01
9.972562823936213761e+01
1.000754010389168513e+02
1.003997238278639230e+02
1.007049609024522141e+02
1.009911137000546120e+02
1.012581835680771150e+02
1.015061717639841703e+02
1.017350794553224347e+02
1.019385481347134856e+02
1.021292979599912201e+02
1.022946112476456477e+02
1.024408480515519244e+02
1.025807261849362249e+02
1.027078871934093911e+02
1.028350482018825716e+02
1.029494923514478444e+02
1.030639365010131314e+02
1.031656640310672088e+02
1.032610333328253631e+02
1.033500444561601626e+02
1.034326974476188212e+02
1.035089923504233838e+02
1.035789292044707537e+02
1.036425080463328214e+02
1.036997289092564927e+02
1.037442339007446463e+02
1.037760231138869926e+02
1.038014544644533572e+02
1.038078122937835275e+02
1.037950966317986854e+02
1.037315177899365892e+02
1.036107152425047957e+02
1.034263246929670004e+02
1.032037769259016642e+02
1.029494283067900966e+02
1.026505528131285132e+02
1.023325920942304208e+02
1.019891820635577204e+02
1.016457720328850058e+02
1.013023620022123055e+02
1.009525892026575917e+02
1.006091791719848914e+02
1.002657691413122052e+02
9.992872169981184527e+01
9.959167425831151377e+01
9.924190145875677160e+01
9.888576570727542503e+01
9.852326681748756698e+01
9.815604589436649974e+01
9.780095453268802430e+01
9.745078133391371011e+01
9.711148237307226339e+01
9.678288778637215728e+01
9.646284045770761395e+01
9.616533991600995535e+01
9.588339530481860606e+01
9.561122092944181361e+01
9.535400782125537944e+01
9.509891225785959534e+01
9.483348240815381303e+01
9.455739507837195390e+01
9.422670946231721700e+01
9.386316380899268097e+01
9.346047908509692093e+01
9.302364930674714572e+01
9.254513973356358747e+01
9.200013994571574472e+01
9.143102500733832017e+01
9.085869772820693413e+01
9.022186941750895528e+01
8.952491097972811929e+01
8.871886276399519033e+01
8.782855170030214254e+01
8.687977368588795457e+01
8.581086128465469187e+01
8.473804779401456244e+01
8.356979985805844535e+01
8.237954273961152296e+01
8.119018614635811559e+01
7.994178409610432823e+01
7.866112515744397626e+01
7.728767474827098738e+01
7.588863439180754256e+01
7.449270802383146872e+01
7.304197311770371925e+01
7.161211135733360322e+01
7.000085064078690777e+01
6.814470198749799579e+01
6.632533771997715633e+01
6.454096845177588193e+01
6.282016830852478506e+01
6.119468735435059159e+01
5.961723349340810074e+01
5.811594192163308037e+01
5.668899095528130516e+01
5.530031997317958314e+01
5.395235153264064110e+01
5.262634742119641373e+01
5.130964568766634670e+01
5.001636650960936237e+01
4.875854168286316082e+01
4.752378375970039315e+01
4.628315278721535009e+01
4.507435714456094189e+01
4.376798345878390251e+01
4.248105241638050700e+01
4.110149529088222664e+01
3.974987064788340518e+01
3.841785429653100437e+01
3.704434786017964143e+01
3.567774668946533723e+01
3.435565592202127050e+01
3.303055499884528246e+01
3.163985280472549633e+01
3.018995871404182552e+01
2.875796899699401621e+01
2.730174349106718878e+01
2.590616582772869592e+01
2.453497332301814993e+01
2.311673630855028350e+01
2.170704410993056754e+01
2.014177143898649192e+01
1.835512098872018072e+01
1.646404525265305097e+01
1.467990112303467143e+01
1.301524963261163848e+01
1.129204383077812324e+01
9.581581609605898109e+00
8.024928295636266640e+00
6.548143501026681967e+00
5.214516426360215284e+00
4.014444929598253609e+00
2.944243471341405627e+00
2.001190293314211388e+00
1.166277043909603295e+00
4.387154578414871886e-01
-2.000567785418685685e-01
-7.526687305925717775e-01
-1.220166676649161008e+00
-1.620600125043806683e+00
-1.957666486079446155e+00
-2.238027457352644412e+00
-2.472593371046137189e+00
-2.638189026844695917e+00
-2.765864243230582442e+00
-2.861795586593095297e+00
-2.927172479241177072e+00
-2.971186072721661908e+00
-2.995905388558893545e+00
-2.995905388558893545e+00
-2.978103429199165486e+00
-2.962081632263432684e+00
-2.946822710216535413e+00
-2.930037865245163520e+00
-2.910201147295085278e+00
-2.888838477694736451e+00
-2.867475808094387624e+00
-2.846113138494038797e+00
-2.824750468893689970e+00
-2.801861836471732037e+00
-2.778973204049774104e+00
-2.756084571627816171e+00
-2.731669964414840557e+00
-2.707255357201864499e+00
-2.682840749988888884e+00
-2.656900155217383208e+00
-2.630959560445877088e+00
-2.605018965674371412e+00
-2.577552369778699504e+00
-2.550085773883027596e+00
-2.521093162499401075e+00
-2.492100551115774554e+00
-2.463107939732147589e+00
-2.432589297698592112e+00
-2.402070655665036192e+00
-2.370025967021363034e+00
-2.337981278377689875e+00
-2.305936589734016717e+00
-2.272365837721789905e+00
-2.238795085709563093e+00
-2.205224333697336281e+00
-2.205224333697336281e+00
-2.205224333697336281e+00
-2.205224333697336281e+00
-2.205224333697336281e+00
-2.205224333697336281e+00
-2.205224333697336281e+00
-2.205224333697336281e+00
-2.205224333697336281e+00
-2.205224333697336281e+00
-2.205224333697336281e+00
-2.205224333697336281e+00
-2.205224333697336281e+00
-2.205224333697336281e+00
-2.205224333697336281e+00
-2.205224333697336281e+00
