9.035378966757163255e+01
9.049478983687421874e+01
9.064670993947801492e+01
9.080405654175029895e+01
9.096682972598726735e+01
9.114045633240098709e+01
9.133579089567633957e+01
9.156911842667562951e+01
9.182415884793354621e+01
9.211720207410756700e+01
9.244282507685608152e+01
9.279560255421934301e+01
9.315381146913438215e+01
9.353374803800653581e+01
9.392998242611015769e+01
9.433925656348648658e+01
9.475179063818099223e+01
9.518606066627901896e+01
9.565294150557848241e+01
9.615244196207950722e+01
9.667369402736908057e+01
9.719494609265866814e+01
9.773795413836474211e+01
9.829184187094529079e+01
9.883484991665135055e+01
9.938329766201697169e+01
9.993718539459752037e+01
1.005073948428346142e+02
1.010721634239822748e+02
1.016641393595781580e+02
1.022833304125055065e+02
1.029242993899797654e+02
1.035543787439061987e+02
1.041953477213804575e+02
1.048363166988547164e+02
1.054772856763289610e+02
1.060910330675210957e+02
1.066884513940623975e+02
1.072749852492268587e+02
1.078234329945924799e+02
1.083555624921779810e+02
1.088605004510599628e+02
1.093436899596086533e+02
1.097942643311484829e+02
1.102231000368373088e+02
1.106410677686794202e+02
1.110590355005215315e+02
1.114770032323636286e+02
1.118841038659550549e+02
1.122966379406495747e+02
1.127146056724916861e+02
1.131325734043337832e+02
1.135342408100127329e+02
1.139304751981163548e+02
1.143158441706689104e+02
1.146849165261116070e+02
1.150376940034748969e+02
1.153796091569104050e+02
1.156998017874247040e+02
1.160037042953554476e+02
1.162913181121024593e+02
1.165626445922288639e+02
1.168122565978697054e+02
1.170510121612242216e+02
1.172843396922235968e+02
1.175176672232229720e+02
1.177509947542223330e+02
1.180006067598631603e+02
1.182610757301784616e+02
1.185899249708096477e+02
1.188666804173777649e+02
1.191434358639458964e+02
1.194201913105139994e+02
1.196806602808293007e+02
1.199248440014500687e+02
1.201418881564252388e+02
1.203317955843210285e+02
1.204782892667132757e+02
1.205759482743423092e+02
1.206247767440372201e+02
1.206247767440372201e+02
1.206030753248872713e+02
1.205433958761001918e+02
1.204511626502459620e+02
1.203426519230155094e+02
1.202232892491942380e+02
1.200930743790864170e+02
1.199574333101031840e+02
1.198272184399953915e+02
1.196970035698875705e+02
1.195722148305541879e+02
1.194474260912207910e+02
1.193280634173995196e+02
1.192141267466664800e+02
1.191110419061914172e+02
1.190188086803371874e+02
1.189428525217582262e+02
1.188831730729711467e+02
1.188451954802345938e+02
1.188234940610846593e+02
1.188180687133896356e+02
1.188234940610846593e+02
1.188451954802345938e+02
1.188614715346675723e+02
1.188777475891005508e+02
1.188777475891005508e+02
1.188560461699506163e+02
1.188017922248950384e+02
1.187258360663160914e+02
1.186173253390856388e+02
1.184762580002871175e+02
1.183134848160501349e+02
1.181018682222094469e+02
1.178413992518941456e+02
1.175483560257200679e+02
1.172064408722845599e+02
1.168482319573696060e+02
1.164574303793572625e+02
1.160394626475152080e+02
1.156106269418264674e+02
1.151491818325784067e+02
1.146442438736964107e+02
1.141284301132834003e+02
1.135691021030649068e+02
1.129771261674690379e+02
1.123905923123045767e+02
1.117822882608388113e+02
1.111630972079114485e+02
1.105384621683646600e+02
1.099410438418233582e+02
1.093436255152820564e+02
1.087407644844085439e+02
1.081596724020335643e+02
1.075785803196585704e+02
1.070029297053024493e+02
1.064436016950839701e+02
1.059169110516917556e+02
1.054010972912787452e+02
1.049124710570827261e+02
1.044510259478346228e+02
1.040167559197365961e+02
1.036205215316329742e+02
1.032460171675137133e+02
1.028986709430271560e+02
1.025730479402786415e+02
1.022691454323479121e+02
1.019706726433945221e+02
1.016776294172205013e+02
1.013791566282671255e+02
1.010861134020931189e+02
1.007822108941623895e+02
1.004783083862316460e+02
1.001798355972782701e+02
9.988679237110424936e+01
9.959917855435723766e+01
9.931699399653047067e+01
9.904023854996226817e+01
9.877434089430542485e+01
9.851930047304752236e+01
9.826426005178959144e+01
9.802007633116882346e+01
9.779217671045627469e+01
9.756970488080445136e+01
9.734180526009187417e+01
9.711933343044005085e+01
9.688600589944074670e+01
9.664182217881999293e+01
9.639221017317916562e+01
9.614802645255841185e+01
9.589841444691757033e+01
9.565192259134724395e+01
9.541988202821210052e+01
9.518638134536854523e+01
9.495974832966741985e+01
9.471794764905448005e+01
9.446574520049682633e+01
9.419411269908242446e+01
9.387578398958102355e+01
9.352834831248731007e+01
9.314754862793367352e+01
9.273489761960328792e+01
9.229190726376558018e+01
9.181952701510830650e+01
9.133471629580981244e+01
9.079891308851573228e+01
9.016518623336106941e+01
8.944346498192493300e+01
8.868997082488726846e+01
8.786124079098195239e+01
8.701501089285019930e+01
8.609510802068277258e+01
8.518832076357099936e+01
8.428239997712920228e+01
8.333118209376638674e+01
8.241115777618311711e+01
8.151015732031571304e+01
8.062353134531163334e+01
7.975477793840521201e+01
7.892539909216002059e+01
7.812726557119152915e+01
7.730467275331139376e+01
7.647718279699569166e+01
7.563989319513802911e+01
7.479770106369936400e+01
7.395060458313027141e+01
7.309947205663407033e+01
7.210959150923524419e+01
7.101313950191227775e+01
6.972256859403854889e+01
6.807870009422792634e+01
6.632352365951966533e+01
6.458651284791852731e+01
6.288352603702911381e+01
6.124234217420706727e+01
5.968938123509774840e+01
5.821690702197785328e+01
5.679709185955874773e+01
5.544546996687068940e+01
5.414196314767121265e+01
5.286391544603419845e+01
5.159851655871766241e+01
5.034209461457953694e+01
4.910032712604711946e+01
4.791032373713382952e+01
4.670435454578111489e+01
4.552943070700067096e+01
4.432284605523951626e+01
4.314485345683763029e+01
4.195976881474177844e+01
4.080743296566711820e+01
3.968200478433958978e+01
3.858048705894517383e+01
3.750631324791405063e+01
3.645665980975156373e+01
3.545656878476210494e+01
3.449406349168936003e+01
3.349312880413761917e+01
3.247451757498168234e+01
3.141934986306743838e+01
3.034898272306516986e+01
2.924425857445956467e+01
2.813010936378784521e+01
2.701596015311611509e+01
2.587949105771149760e+01
2.471451065297003424e+01
2.345876796469575609e+01
2.201119839066081951e+01
2.045992138606618482e+01
1.892642387737160092e+01
1.749774283538985387e+01
1.613171126512469300e+01
1.483091411097667489e+01
1.359766054877887775e+01
1.274183319398219716e+01
1.215344937768219857e+01
1.168636347283739418e+01
1.131975217993753979e+01
1.086617255257752213e+01
1.051079881006323191e+01
1.015916747355307059e+01
9.724304196983860393e+00
9.383890008910373837e+00
9.034752669273759196e+00
8.612348289196878781e+00
8.155645913443764883e+00
7.691132374259558091e+00
7.218801452005244812e+00
6.833425334874493551e+00
6.436768144060152963e+00
6.056400430817183711e+00
5.664759151223700329e+00
5.261827270338899076e+00
4.742455266870123864e+00
